0.000000 1.013392
0.002000 1.057114
0.004000 1.006672
0.006000 1.005092
0.008000 1.034198
0.010000 0.999146
0.012000 0.972324
0.014000 1.091945
0.016000 1.027780
0.018000 0.997921
0.020000 0.911458
0.022000 1.176001
0.024000 1.249657
0.026001 0.873918
0.028001 0.996930
0.030001 1.168647
0.032001 1.042424
0.034001 0.956186
0.036001 1.032493
0.038001 1.016478
0.040001 0.916054
0.042001 1.160628
0.044001 1.129574
0.046001 1.134291
0.048001 1.103102
0.050001 1.067503
0.052001 1.242134
0.054001 1.210027
0.056001 1.286558
0.058001 1.167437
0.060001 1.270989
0.062001 1.238484
0.064001 1.247879
0.066001 1.318323
0.068001 1.290329
0.070001 1.076233
0.072001 1.364227
0.074001 1.331892
0.076002 1.644310
0.078002 1.272358
0.080002 1.444683
0.082002 1.379124
0.084002 1.681307
0.086002 1.662120
0.088002 1.616803
0.090002 1.563115
0.092002 1.980689
0.094002 1.605972
0.096002 1.714268
0.098002 1.721501
0.100002 1.835777
0.102002 1.843517
0.104002 1.874658
0.106002 1.839987
0.108002 2.096691
0.110002 1.874711
0.112002 2.227526
0.114002 2.198516
0.116002 2.531939
0.118002 2.440293
0.120002 2.474498
0.122002 1.886756
0.124002 2.395872
0.126003 2.424067
0.128003 2.533481
0.130003 2.920822
0.132003 2.639199
0.134003 2.178261
0.136003 2.563181
0.138003 2.330377
0.140003 2.482197
0.142003 2.944214
0.144003 2.375046
0.146003 2.706059
0.148003 2.644492
0.150003 2.344976
0.152003 2.700872
0.154003 3.176028
0.156003 2.982176
0.158003 2.663030
0.160003 2.816813
0.162003 2.245545
0.164003 2.257987
0.166003 2.447319
0.168003 2.955995
0.170003 2.754546
0.172003 3.082176
0.174003 2.488766
0.176004 2.452559
0.178004 2.407845
0.180004 2.795500
0.182004 2.230950
0.184004 2.287802
0.186004 2.460347
0.188004 2.083690
0.190004 2.204919
0.192004 2.696174
0.194004 2.395705
0.196004 2.178485
0.198004 2.307372
0.200004 2.255902
0.202004 1.987918
0.204004 1.887785
0.206004 2.075691
0.208004 1.686572
0.210004 1.982841
0.212004 2.020780
0.214004 1.649430
0.216004 1.963334
0.218004 1.816612
0.220004 2.047502
0.222004 1.570563
0.224004 1.573427
0.226005 1.335974
0.228005 1.378628
0.230005 1.628469
0.232005 1.620938
0.234005 1.216537
0.236005 1.638633
0.238005 1.554498
0.240005 1.391226
0.242005 1.431787
0.244005 1.263934
0.246005 1.425465
0.248005 1.105883
0.250005 1.265657
0.252005 1.168639
0.254005 1.242218
0.256005 1.245104
0.258005 1.108120
0.260005 1.211894
0.262005 1.078647
0.264005 1.057431
0.266005 1.108110
0.268005 1.266898
0.270005 1.100118
0.272005 0.990081
0.274005 1.023601
0.276006 1.238272
0.278006 1.145608
0.280006 1.064366
0.282006 1.025441
0.284006 1.121463
0.286006 0.977097
0.288006 1.032786
0.290006 1.166776
0.292006 1.089725
0.294006 1.048237
0.296006 0.994855
0.298006 0.981623
0.300006 0.964743
0.302006 1.170996
0.304006 0.909883
0.306006 1.060783
0.308006 1.066695
0.310006 1.235120
0.312006 0.983080
0.314006 0.818831
0.316006 1.173228
0.318006 1.052397
0.320006 0.958336
0.322006 1.063317
0.324006 1.045760
0.326007 0.918851
0.328007 0.828151
0.330007 0.922930
0.332007 0.960096
0.334007 0.837558
0.336007 1.093800
0.338007 0.822421
0.340007 0.982303
0.342007 0.857034
0.344007 0.929809
0.346007 1.098484
0.348007 0.912742
0.350007 0.877250
0.352007 0.875453
0.354007 0.842108
0.356007 0.885992
0.358007 0.906674
0.360007 0.948593
0.362007 0.826321
0.364007 0.794805
0.366007 0.799018
0.368007 0.762520
0.370007 0.854828
0.372007 0.913891
0.374007 0.900230
0.376008 0.764344
0.378008 0.893758
0.380008 0.843119
0.382008 0.637597
0.384008 0.732940
0.386008 0.632072
0.388008 0.820424
0.390008 0.653834
0.392008 0.723423
0.394008 0.668586
0.396008 0.587775
0.398008 0.638778
0.400008 0.675101
0.402008 0.679205
0.404008 0.558361
0.406008 0.669089
0.408008 0.659724
0.410008 0.599887
0.412008 0.691995
0.414008 0.577313
0.416008 0.483322
0.418008 0.536498
0.420008 0.504125
0.422008 0.548830
0.424008 0.493233
0.426009 0.477806
0.428009 0.407442
0.430009 0.503880
0.432009 0.460940
0.434009 0.469029
0.436009 0.501596
0.438009 0.405411
0.440009 0.418834
0.442009 0.478496
0.444009 0.420672
0.446009 0.447649
0.448009 0.375458
0.450009 0.400451
0.452009 0.373357
0.454009 0.434920
0.456009 0.422812
0.458009 0.340769
0.460009 0.414966
0.462009 0.369741
0.464009 0.385961
0.466009 0.366010
0.468009 0.353909
0.470009 0.320795
0.472009 0.422465
0.474009 0.402222
0.476010 0.335765
0.478010 0.409413
0.480010 0.384967
0.482010 0.381460
0.484010 0.357884
0.486010 0.423619
0.488010 0.450770
0.490010 0.421563
0.492010 0.386944
0.494010 0.434098
0.496010 0.414335
0.498010 0.373130
0.500010 0.494584
0.502010 0.399168
0.504010 0.327445
0.506010 0.414090
0.508010 0.548788
0.510010 0.413589
0.512010 0.415560
0.514010 0.402811
0.516010 0.467932
0.518010 0.447742
0.520010 0.514848
0.522010 0.545292
0.524010 0.585226
0.526011 0.481420
0.528011 0.542183
0.530011 0.566527
0.532011 0.639324
0.534011 0.665601
0.536011 0.728721
0.538011 0.628460
0.540011 0.745176
0.542011 0.629362
0.544011 0.755605
0.546011 0.730199
0.548011 0.538527
0.550011 0.716283
0.552011 0.653197
0.554011 0.750977
0.556011 0.751317
0.558011 0.669732
0.560011 0.890732
0.562011 0.801524
0.564011 0.896916
0.566011 0.728432
0.568011 0.873384
0.570011 0.915557
0.572011 0.801362
0.574011 0.939248
0.576012 0.841058
0.578012 0.982556
0.580012 0.801244
0.582012 0.944939
0.584012 0.849316
0.586012 1.044572
0.588012 0.991711
0.590012 0.775179
0.592012 0.900808
0.594012 1.054818
0.596012 0.949419
0.598012 1.055190
0.600012 0.960703
0.602012 0.994899
0.604012 0.942069
0.606012 0.782694
0.608012 0.862081
0.610012 0.972296
0.612012 1.084091
0.614012 0.859938
0.616012 0.945606
0.618012 0.991509
0.620012 1.135856
0.622012 1.113732
0.624012 1.075624
0.626013 1.136413
0.628013 0.989279
0.630013 0.986572
0.632013 0.963125
0.634013 0.976137
0.636013 1.133298
0.638013 0.942319
0.640013 1.061070
0.642013 1.010832
0.644013 1.017137
0.646013 1.033211
0.648013 1.023089
0.650013 1.207996
0.652013 1.029256
0.654013 0.894798
0.656013 1.034056
0.658013 1.023175
0.660013 0.972134
0.662013 1.000921
0.664013 1.059754
0.666013 1.205824
0.668013 1.291515
0.670013 1.253979
0.672013 1.021328
0.674013 1.099351
0.676014 1.250217
0.678014 1.053546
0.680014 1.240934
0.682014 1.132546
0.684014 1.207390
0.686014 1.143019
0.688014 1.187569
0.690014 1.117158
0.692014 1.017676
0.694014 1.148909
0.696014 1.307952
0.698014 1.134271
0.700014 1.339668
0.702014 1.360803
0.704014 1.209263
0.706014 1.643307
0.708014 1.482189
0.710014 1.620002
0.712014 1.531291
0.714014 1.508616
0.716014 1.551789
0.718014 1.820704
0.720014 1.190510
0.722014 1.871826
0.724014 1.808171
0.726015 1.639588
0.728015 1.896243
0.730015 1.814870
0.732015 2.268629
0.734015 1.860003
0.736015 1.909307
0.738015 2.091058
0.740015 2.307699
0.742015 1.724754
0.744015 2.136682
0.746015 2.482358
0.748015 2.739133
0.750015 2.183903
0.752015 2.505655
0.754015 2.256298
0.756015 2.232645
0.758015 2.418358
0.760015 2.743980
0.762015 2.490451
0.764015 2.591839
0.766015 2.890467
0.768015 2.441939
0.770015 2.795238
0.772015 2.882743
0.774015 2.704971
0.776016 2.864923
0.778016 2.931144
0.780016 2.595133
0.782016 2.778879
0.784016 2.588524
0.786016 2.424629
0.788016 3.490356
0.790016 2.725991
0.792016 2.819722
0.794016 2.795897
0.796016 2.278287
0.798016 2.709274
0.800016 2.864658
0.802016 2.495316
0.804016 2.481585
0.806016 2.761135
0.808016 2.443268
0.810016 2.565330
0.812016 2.160156
0.814016 2.817464
0.816016 2.687451
0.818016 2.225290
0.820016 2.234668
0.822016 2.366997
0.824016 1.801739
0.826017 1.999203
0.828017 2.121902
0.830017 1.658141
0.832017 2.048377
0.834017 1.987455
0.836017 2.056994
0.838017 1.748644
0.840017 2.035117
0.842017 1.991255
0.844017 1.933487
0.846017 1.927148
0.848017 1.526116
0.850017 1.825349
0.852017 1.448218
0.854017 1.266984
0.856017 1.574851
0.858017 1.569314
0.860017 1.461266
0.862017 1.241627
0.864017 1.385409
0.866017 1.438944
0.868017 1.458593
0.870017 1.045023
0.872017 1.156637
0.874017 1.231397
0.876018 1.060101
0.878018 1.208137
0.880018 1.297885
0.882018 1.261846
0.884018 1.073377
0.886018 1.146843
0.888018 1.110004
0.890018 1.142169
0.892018 1.091117
0.894018 1.018172
0.896018 1.325115
0.898018 1.055748
0.900018 0.984488
0.902018 0.967879
0.904018 0.961651
0.906018 1.085517
0.908018 0.924754
0.910018 1.080906
0.912018 0.949908
0.914018 1.084287
0.916018 1.115371
0.918018 1.150677
0.920018 1.197850
0.922018 0.909476
0.924018 0.920649
0.926019 1.061322
0.928019 0.867733
0.930019 1.122616
0.932019 0.730512
0.934019 1.068192
0.936019 1.051183
0.938019 0.939787
0.940019 0.793864
0.942019 0.954387
0.944019 0.949134
0.946019 0.950377
0.948019 0.837390
0.950019 0.920521
0.952019 1.038896
0.954019 1.054405
0.956019 0.800492
0.958019 1.108765
0.960019 1.029235
0.962019 0.886213
0.964019 1.086449
0.966019 0.845174
0.968019 0.825587
0.970019 0.979444
0.972019 0.801748
0.974019 1.027216
0.976020 1.065852
0.978020 0.918422
0.980020 1.073070
0.982020 0.794571
0.984020 1.009434
0.986020 0.789657
0.988020 1.017966
0.990020 0.877302
0.992020 1.009978
0.994020 0.872902
0.996020 0.866302
0.998020 0.851322


3.049679424205e+02 2.259835726033e+02 4.582825874915e-01
2.680463954728e+02 2.141625881080e+02 5.231740187813e-01
2.355948286095e+02 2.030649087920e+02 5.890884462581e-01
2.070720748535e+02 1.929847787671e+02 6.548268074190e-01
1.820024846776e+02 1.841072060531e+02 7.193815489126e-01
1.599679940053e+02 1.765119161507e+02 7.819322817668e-01
1.406011525139e+02 1.701896640553e+02 8.418163495926e-01
1.235789959809e+02 1.650602878074e+02 8.985336539749e-01
1.086176604856e+02 1.609890697564e+02 9.518223951336e-01
9.546764865436e+01 1.578034068384e+02 1.001803566028e+00
8.390966900639e+01 1.553114384671e+02 1.049166704437e+00
7.375097901754e+01 1.533208889107e+02 1.095369477947e+00
6.482217091848e+01 1.516545543213e+02 1.142835180099e+00
5.697434662644e+01 1.501600822099e+02 1.195128755822e+00
5.007663469945e+01 1.487142619335e+02 1.257054973572e+00
4.401400790542e+01 1.472238754719e+02 1.334559525803e+00
3.868536501155e+01 1.456254596804e+02 1.434275175384e+00
3.400184480570e+01 1.438854289887e+02 1.562623607494e+00
2.988534423407e+01 1.420005556409e+02 1.724596945279e+00
2.626721594350e+01 1.399974025410e+02 1.922589450111e+00
2.308712350839e+01 1.379285303015e+02 2.155726247848e+00
2.029203525177e+01 1.358637352920e+02 2.419978899993e+00
1.783533988154e+01 1.338764659117e+02 2.709110555217e+00
1.567606919382e+01 1.320282597033e+02 3.016297474702e+00
1.377821488132e+01 1.303559183364e+02 3.336147021170e+00
1.211012805371e+01 1.288656179058e+02 3.666761766782e+00
1.064399145611e+01 1.275352277642e+02 4.011506053013e+00
9.355355584615e+00 1.263226219442e+02 4.380226283903e+00
8.222730962865e+00 1.251758562547e+02 4.789832954427e+00
7.227229780431e+00 1.240414585681e+02 5.264340155331e+00
6.352250917006e+00 1.228688803830e+02 5.834649682405e+00
5.583203099736e+00 1.216111234947e+02 6.538466642352e+00
4.907261577065e+00 1.202229497164e+02 7.420550980948e+00
4.313154251343e+00 1.186587306327e+02 8.532950790089e+00
3.790973703710e+00 1.168719534194e+02 9.934207241889e+00
3.332011976558e+00 1.148178006868e+02 1.168632223931e+01
2.928615358388e+00 1.124592893155e+02 1.384882205236e+01
2.574056749413e+00 1.097764133743e+02 1.647021795389e+01
2.262423479485e+00 1.067766703498e+02 1.957804494235e+01
1.988518707559e+00 1.035042391385e+02 2.316931509942e+01
1.747774758425e+00 1.000441264985e+02 2.720379848706e+01
1.536176951505e+00 9.651751566929e+01 3.160290190726e+01
1.350196651461e+00 9.306632452036e+01 3.625646844961e+01
1.186732424173e+00 8.982894706889e+01 4.103808336667e+01
1.043058316771e+00 8.691391197079e+01 4.582676039046e+01
9.167783992614e-01 8.438070062410e+01 5.053038925412e+01
8.057868096525e-01 8.223470417302e+01 5.510530749874e+01
7.082326362981e-01 8.043702340058e+01 5.956711625639e+01
6.224890518300e-01 7.892357946323e+01 6.398958393029e+01
5.471261839522e-01 7.762560085440e+01 6.849028031294e+01
4.808872706855e-01 7.648531889820e+01 7.320362411840e+01
4.226677024245e-01 7.546418433417e+01 7.824535009671e+01
3.714966013098e-01 7.454378228626e+01 8.367705389766e+01
3.265206307297e-01 7.372122862391e+01 8.948281135681e+01
2.869897649567e-01 7.300159918908e+01 9.556798386444e+01
2.522447816110e-01 7.239018976740e+01 1.017823561773e+02
2.217062683737e-01 7.188699037831e+01 1.079600199998e+02
1.948649606238e-01 7.148458811389e+01 1.139628830735e+02
1.712732488687e-01 7.116922189147e+01 1.197157691789e+02
1.505377143439e-01 7.092365342424e+01 1.252264455989e+02
1.323125683058e-01 7.073032521385e+01 1.305894203717e+02
1.162938856086e-01 7.057376517891e+01 1.359754398236e+02
1.022145364050e-01 7.044186489699e+01 1.416096899407e+02
8.983973145119e-02 7.032612845699e+01 1.477431956779e+02
7.896310672723e-02 7.022118277857e+01 1.546258667756e+02
6.940328208131e-02 7.012386456755e+01 1.624950607064e+02
6.100083650833e-02 7.003217180261e+01 1.715957501693e+02
5.361564962240e-02 6.994433016236e+01 1.822423826620e+02
4.712456498920e-02 6.985815866871e+01 1.949179598035e+02
4.141933635162e-02 6.977081094309e+01 2.103878845037e+02
3.640482249973e-02 6.967884970660e+01 2.297913700114e+02
3.199740068228e-02 6.957853427572e+01 2.546684056147e+02
2.812357210174e-02 6.946618684423e+01 2.868951196513e+02
2.471873623785e-02 6.933853022745e+01 3.285416763352e+02
2.172611356003e-02 6.919291618069e+01 3.817194931279e+02
1.909579866388e-02 6.902736814394e+01 4.485118940006e+02
1.678392804142e-02 6.884035989093e+01 5.310659124549e+02
1.475194860703e-02 6.863027946137e+01 6.318835416210e+02
1.296597478059e-02 6.839461348563e+01 7.543092506384e+02
1.139622340677e-02 6.812901420040e+01 9.031584965549e+02
1.001651708682e-02 6.782651459055e+01 1.085359909571e+03
8.803847640526e-03 6.747716662429e+01 1.310418929304e+03
7.737992418497e-03 6.706828592801e+01 1.590506761270e+03
6.801177066388e-03 6.658536332358e+01 1.940059828024e+03
5.977779117202e-03 6.601363184329e+01 2.374889206485e+03
5.254067468800e-03 6.534026952839e+01 2.910855582295e+03
4.617973402072e-03 6.455719740357e+01 3.562138318017e+03
4.058889321252e-03 6.366428942109e+01 4.339102599305e+03
3.567491860126e-03 6.267248843091e+01 5.245859624150e+03
3.135586404248e-03 6.160588918831e+01 6.277853424122e+03
2.755970436372e-03 6.050155253739e+01 7.420103935181e+03
2.422313426244e-03 5.940602873155e+01 8.646904146534e+03
2.129051261771e-03 5.836855649627e+01 9.923612971623e+03
1.871293461093e-03 5.743244649745e+01 1.121063702136e+04
1.644741618206e-03 5.662739644440e+01 1.246893662585e+04
1.445617722129e-03 5.596542483669e+01 1.366581489384e+04
1.270601154248e-03 5.544155171481e+01 1.477969690255e+04
1.116773313210e-03 5.503826839493e+01 1.580309935768e+04
9.815689439035e-04 5.473156690315e+01 1.674369501780e+04
8.627333589003e-04 5.449640046134e+01 1.762385036537e+04
7.582848389635e-04 5.431042987890e+01 1.847900625944e+04
6.664815856139e-04 5.415593442767e+01 1.935484493172e+04
5.857926746492e-04 5.402033334432e+01 2.030270326230e+04
5.148725262329e-04 5.389585867232e+01 2.137270128994e+04
4.525384658116e-04 5.377876457602e+01 2.260501835978e+04
3.977510016654e-04 5.366827636801e+01 2.402150691949e+04
3.495964901946e-04 5.356539679479e+01 2.562124923825e+04
3.072718998687e-04 5.347170770245e+01 2.738330285187e+04
2.700714197570e-04 5.338835905981e+01 2.927752234669e+04
2.373746893248e-04 5.331543088119e+01 3.128147542679e+04
2.086364532120e-04 5.325174980713e+01 3.339987676193e+04
1.833774684770e-04 5.319509293303e+01 3.568305864024e+04
1.611765126723e-04 5.314260888190e+01 3.824166133106e+04
1.416633594790e-04 5.309128027920e+01 4.125447134471e+04
1.245126047594e-04 5.303831970437e+01 4.496484829005e+04
1.094382400714e-04 5.298147263134e+01 4.966040264772e+04
9.618888315014e-05 5.291924901370e+01 5.563383427700e+04
8.454358582187e-05 5.285110690521e+01 6.313071641618e+04
7.430814944034e-05 5.277757942894e+01 7.229717262623e+04
6.531188640238e-05 5.270029564857e+01 8.314068303447e+04
5.740477373699e-05 5.262182639982e+01 9.551210057393e+04
5.045495130080e-05 5.254531379269e+01 1.091125909419e+05
4.434652285940e-05 5.247392204000e+01 1.235271194496e+05
3.897762338516e-05 5.241024303218e+01 1.382828020556e+05
3.425872034144e-05 5.235583934379e+01 1.529245483632e+05
3.011112062516e-05 5.231106436623e+01 1.670954130294e+05
2.646565826939e-05 5.227518194380e+01 1.806094892001e+05
2.326154102172e-05 5.224668972928e+01 1.935119780837e+05
2.044533656399e-05 5.222369908987e+01 2.061305123795e+05
1.797008146728e-05 5.220425083405e+01 2.191280209113e+05
1.579449802306e-05 5.218651155222e+01 2.335655532619e+05
1.388230589019e-05 5.216885414950e+01 2.509716880567e+05
1.220161707877e-05 5.214985583741e+01 2.733973282851e+05
1.072440418145e-05 5.212824940408e+01 3.034255252520e+05
9.426032984373e-06 5.210285127619e+01 3.441286150860e+05
8.284851663474e-06 5.207247406002e+01 3.990242277445e+05
7.281829715593e-06 5.203581897593e+01 4.721336369529e+05
6.400240603060e-06 5.199133866568e+01 5.682316775401e+05
5.625382819559e-06 5.193706451706e+01 6.933025464936e+05
4.944334725708e-06 5.187040274685e+01 8.551439787401e+05
4.345739065943e-06 5.178791399654e+01 1.064035062936e+06
3.819613573301e-06 5.168509534674e+01 1.333397440546e+06
3.357184503710e-06 5.155617975888e+01 1.680418162623e+06
2.950740323767e-06 5.139396240508e+01 2.126640673789e+06
2.593503112112e-06 5.118966661339e+01 2.698536238800e+06
2.279515529834e-06 5.093288126752e+01 3.428020213063e+06
2.003541475037e-06 5.061163618880e+01 4.352780622522e+06
1.760978764855e-06 5.021272600800e+01 5.516163012977e+06
1.547782388788e-06 4.972243541403e+01 6.966230476786e+06
1.360397053533e-06 4.912784103857e+01 8.753521138139e+06
1.195697894399e-06 4.841883583603e+01 1.092701051601e+07
1.050938364617e-06 4.759089406390e+01 1.352794337302e+07
9.237044335342e-07 4.664832238243e+01 1.658163969962e+07
8.118743298916e-07 4.560732281949e+01 2.008816438371e+07
7.135831588629e-07 4.449773931932e+01 2.401376927657e+07
6.271918028011e-07 4.336215187368e+01 2.828587143525e+07
5.512595870785e-07 4.225139804084e+01 3.279438143167e+07
4.845202551896e-07 4.121683007952e+01 3.740090712609e+07
4.258608524762e-07 4.030127363244e+01 4.195485488560e+07
3.743031663368e-07 3.953173307762e+01 4.631278142003e+07
3.289874134124e-07 3.891642346070e+01 5.035599089063e+07
2.891579017165e-07 3.844676346715e+01 5.400216145375e+07
2.541504286071e-07 3.810280149618e+01 5.720924233959e+07
2.233812044482e-07 3.785954273287e+01 5.997258449733e+07
1.963371172507e-07 3.769210923418e+01 6.231799314188e+07
1.725671759427e-07 3.757885541609e+01 6.429372197809e+07
1.516749895783e-07 3.750258806731e+01 6.596375053205e+07
1.333121570653e-07 3.745051682341e+01 6.740362437123e+07
1.171724571784e-07 3.741357995673e+01 6.869911794634e+07
1.029867419706e-07 3.738560100430e+01 6.994710360588e+07
9.051844842314e-08 3.736252097414e+01 7.125718714348e+07
7.955965348698e-08 3.734179676448e+01 7.275186953146e+07
6.992760672806e-08 3.732196696283e+01 7.456253923001e+07
6.146168275500e-08 3.730234408558e+01 7.681932715906e+07
5.402070260701e-08 3.728278035018e+01 7.963574355345e+07
4.748057943333e-08 3.726346228056e+01 8.309396221583e+07
4.173224920315e-08 3.724471176872e+01 8.724122865048e+07
3.667985193818e-08 3.722679893507e+01 9.210838699666e+07
3.223913313796e-08 3.720979181439e+01 9.775639376578e+07
2.833603873971e-08 3.719346804101e+01 1.043488061668e+08
2.490548018219e-08 3.717729472653e+01 1.122419611595e+08
2.189024897951e-08 3.716045835011e+01 1.220806408781e+08
1.924006270426e-08 3.714191280134e+01 1.348824366633e+08
1.691072647051e-08 3.712041673912e+01 1.520890054430e+08
1.486339593358e-08 3.709454538583e+01 1.755672243252e+08
1.306392951620e-08 3.706267717137e+01 2.075689675162e+08
1.148231905864e-08 3.702296656041e+01 2.506905928014e+08
1.009218939836e-08 3.697332070767e+01 3.078743047339e+08
8.870358534042e-09 3.691140183660e+01 3.824535007270e+08
7.796451039181e-09 3.683468160023e+01 4.781999860299e+08
6.852558278571e-09 3.674057811136e+01 5.993132170369e+08
6.022939761339e-09 3.662670767235e+01 7.502945954482e+08
5.293760650261e-09 3.649127485894e+01 9.356581895132e+08
4.652861050036e-09 3.633359717635e+01 1.159442915693e+09
4.089553227133e-09 3.615470590610e+01 1.424522106769e+09
3.594443379611e-09 3.595788544641e+01 1.731766217830e+09
3.159274984737e-09 3.574893557124e+01 2.079201893011e+09
2.776791112026e-09 3.553592050650e+01 2.461399653705e+09
2.440613405632e-09 3.532827003018e+01 2.869359924545e+09
2.145135717970e-09 3.513533600282e+01 3.291094776566e+09


3.049679424205e+02 2.259835726033e+02 4.582825874915e-01
2.580143967012e+02 2.107917110746e+02 5.426082927241e-01
2.182899237760e+02 1.969684354706e+02 6.280418497061e-01
1.846815194475e+02 1.850487061133e+02 7.121585522137e-01
1.562475401313e+02 1.752656274770e+02 7.930682981603e-01
1.321913197927e+02 1.675964837258e+02 8.693421204564e-01
1.118388488795e+02 1.618268821054e+02 9.400558583882e-01
9.461988985585e+01 1.576110875095e+02 1.005149540682e+00
8.005200023099e+01 1.545371696057e+02 1.066046743531e+00
6.772701543772e+01 1.521942914640e+02 1.126373406299e+00
5.729961283748e+01 1.502241872558e+02 1.192658486550e+00
4.847763643658e+01 1.483466628748e+02 1.274825221439e+00
4.101391123083e+01 1.463656702668e+02 1.385929772224e+00
3.469931783187e+01 1.441690985792e+02 1.540301316776e+00
2.935693333953e+01 1.417297421472e+02 1.749806092407e+00
2.483707429862e+01 1.391041033590e+02 2.019585643005e+00
2.101310285311e+01 1.364177628998e+02 2.345735002147e+00
1.777787859417e+01 1.338283415434e+02 2.716599205798e+00
1.504075668969e+01 1.314720392843e+02 3.117640207549e+00
1.272504818840e+01 1.294169569152e+02 3.538511961844e+00
1.076587134131e+01 1.276471559312e+02 3.980317715907e+00
9.108333738442e+00 1.260812049620e+02 4.461112370317e+00
7.705994327879e+00 1.246070234525e+02 5.018597491480e+00
6.519562225819e+00 1.231104890422e+02 5.710329194893e+00
5.515795860705e+00 1.214867211134e+02 6.613138593916e+00
4.666571607597e+00 1.196368388221e+02 7.823580755519e+00
3.948095817681e+00 1.174610443004e+02 9.458350960489e+00
3.340238165469e+00 1.148598056939e+02 1.164917560198e+01
2.825967635357e+00 1.117502412693e+02 1.452604760015e+01
2.390875344951e+00 1.080972264270e+02 1.818796364885e+01
2.022770835581e+00 1.039503446807e+02 2.266732295257e+01
1.711340518826e+00 9.946934383078e+01 2.789962785996e+01
1.447858709380e+00 9.491587394568e+01 3.371400985519e+01
1.224943147940e+00 9.059756017959e+01 3.985883912772e+01
1.036348164336e+00 8.677789061726e+01 4.606460668238e+01
8.767896857335e-01 8.359646347344e+01 5.212653786277e+01
7.417971869529e-01 8.104571911302e+01 5.797568302856e+01
6.275884348605e-01 7.901219010199e+01 6.370905876514e+01
5.309635173847e-01 7.734832524794e+01 6.956172345355e+01
4.492151880655e-01 7.593296421859e+01 7.581897226926e+01
3.800530141556e-01 7.469915091432e+01 8.268988117601e+01
3.215392030504e-01 7.362996788251e+01 9.019565602307e+01
2.720343090240e-01 7.273474093769e+01 9.813916666938e+01
2.301512990768e-01 7.202192462702e+01 1.061832261342e+02
1.947166909085e-01 7.148248865910e+01 1.139975843600e+02
1.647376741754e-01 7.108865832449e+01 1.213999943837e+02
1.393742938322e-01 7.080299584831e+01 1.284368825553e+02
1.179159161890e-01 7.058920501402e+01 1.353897399478e+02
9.976131830610e-02 7.041904289026e+01 1.427184815784e+02
8.440184287099e-02 7.027423886413e+01 1.509648600225e+02
7.140714658724e-02 7.014478570610e+01 1.606625769847e+02
6.041314277373e-02 7.002547200378e+01 1.723360937454e+02
5.111180034816e-02 6.991233630018e+01 1.866698906520e+02
4.324251338182e-02 6.980030142871e+01 2.048512611700e+02
3.658479941695e-02 6.968249352845e+01 2.289602477713e+02
3.095212196757e-02 6.955090951219e+01 2.621794598300e+02
2.618666412181e-02 6.939767542095e+01 3.086242096645e+02
2.215490681210e-02 6.921620849033e+01 3.728421063714e+02
1.874388786482e-02 6.900177042640e+01 4.593858124997e+02
1.585803701495e-02 6.875094124802e+01 5.729767224264e+02
1.341649820897e-02 6.845968370618e+01 7.195640195199e+02
1.135086417200e-02 6.812026180709e+01 9.082478283658e+02
9.603259766031e-03 6.771817264707e+01 1.153588920059e+03
8.124720438586e-03 6.723070471133e+01 1.477311881055e+03
6.873820329080e-03 6.662828162201e+01 1.908279897265e+03
5.815511594968e-03 6.587892349009e+01 2.480185113712e+03
4.920142437842e-03 6.495574698108e+01 3.227081319742e+03
4.162626316419e-03 6.384720798389e+01 4.176968686493e+03
3.521739069356e-03 6.256864964823e+01 5.343611555916e+03
2.979524254605e-03 6.117106856652e+01 6.717764215191e+03
2.520790044052e-03 5.974037604865e+01 8.260996134275e+03
2.132683577376e-03 5.838167119591e+01 9.906600447073e+03
1.804330849347e-03 5.719095890387e+01 1.157045914885e+04
1.526532040872e-03 5.622729898687e+01 1.316988366662e+04
1.291503757557e-03 5.550065657479e+01 1.464386297645e+04
1.092660953800e-03 5.498027697952e+01 1.596760355037e+04
9.244324323271e-04 5.461480207787e+01 1.715839979661e+04
7.821047498462e-04 5.435152542476e+01 1.827403447826e+04
6.616901553228e-04 5.414791989869e+01 1.940547575572e+04
5.598148607808e-04 5.397555775437e+01 2.066251320491e+04
4.736245141778e-04 5.381932467007e+01 2.214970634686e+04
4.007042258887e-04 5.367440356293e+01 2.393517835268e+04
3.390109080900e-04 5.354217173197e+01 2.602726303291e+04
2.868160313236e-04 5.342589023480e+01 2.837966814065e+04
2.426571943885e-04 5.332717447270e+01 3.093172740897e+04
2.052971506396e-04 5.324434844570e+01 3.367402785525e+04
1.736891426893e-04 5.317270602930e+01 3.671570068844e+04
1.469475742560e-04 5.310592419152e+01 4.033909456932e+04
1.243231974398e-04 5.303770748442e+01 4.501229264293e+04
1.051821202216e-04 5.296297692949e+01 5.134807543489e+04
8.898804601339e-05 5.287892403284e+01 5.995732838697e+04
7.528724764817e-05 5.278530885223e+01 7.128665785382e+04
6.369585480710e-05 5.268510854419e+01 8.542667682064e+04
5.388909870323e-05 5.258400436686e+01 1.020353882567e+05
4.559221267760e-05 5.248892408688e+01 1.203452418475e+05
3.857273375988e-05 5.240586941655e+01 1.394151307575e+05
3.263398949798e-05 5.233851530548e+01 1.582030907759e+05
2.760958756991e-05 5.228697672866e+01 1.760188949725e+05
2.335875378730e-05 5.224919733176e+01 1.926054795859e+05
1.976238787030e-05 5.222098629943e+01 2.085116145441e+05
1.671972648424e-05 5.219822842675e+01 2.250347296779e+05
1.414552004253e-05 5.217726213900e+01 2.447977351561e+05
1.196764417542e-05 5.215507000584e+01 2.715179663386e+05
1.012507894223e-05 5.212979581125e+01 3.090534487745e+05
8.566199168660e-06 5.209911867632e+01 3.649886906750e+05
7.247328007599e-06 5.205844005098e+01 4.510232719882e+05
6.131513196879e-06 5.200904357943e+01 5.672732686391e+05
5.187491727169e-06 4.828856673233e+01 3.737864308338e+06
4.388813911898e-06 5.192919806982e+01 8.507553732067e+05
3.713102317328e-06 5.189174435406e+01 9.849975130608e+05
3.141424789410e-06 5.184871310583e+01 1.162685157344e+06
2.657764010829e-06 5.180698451183e+01 1.326977481155e+06
2.248568726226e-06 4.675268354022e+01 1.011474568707e+07
1.902374061791e-06 5.177239056428e+01 1.735266153563e+06
1.609480301297e-06 5.177145128485e+01 1.774604617406e+06
1.361681118499e-06 5.176125716816e+01 1.866150165606e+06
1.152033651473e-06 5.175184825119e+01 1.961651191638e+06
9.746639768273e-07 5.174576306565e+01 2.068111067629e+06
8.246025335369e-07 5.174423463873e+01 2.089048675103e+06
6.976448852957e-07 5.175982808693e+01 2.073265464743e+06
5.902339202035e-07 5.174904133941e+01 2.051608854023e+06
4.993601872550e-07 5.174758401592e+01 2.119134211778e+06
4.224775772450e-07 5.174724070076e+01 2.153762754363e+06
3.574319856293e-07 5.174724070076e+01 2.153762754363e+06
3.024009586119e-07 5.175066999796e+01 2.143030812503e+06
2.558426314545e-07 5.175066999796e+01 2.143030812503e+06
2.164525283584e-07 5.175066999796e+01 2.143030812503e+06
1.831270135332e-07 5.175066999796e+01 2.143030812503e+06
1.549323694204e-07 5.175066999796e+01 2.143030812503e+06
1.310786357025e-07 5.175066999796e+01 2.143030812503e+06
1.108974761176e-07 5.175066999796e+01 2.143030812503e+06
9.382345294742e-08 5.175066999796e+01 2.143030812503e+06
7.937818452824e-08 5.175066999796e+01 2.143030812503e+06
6.715694190588e-08 5.175066999796e+01 2.143030812503e+06
5.681730910015e-08 5.175066999796e+01 2.143030812503e+06
4.806958926013e-08 5.175066999796e+01 2.143030812503e+06
4.066868790926e-08 5.175066999796e+01 2.143030812503e+06
3.440724586412e-08 5.175066999796e+01 2.143030812503e+06
2.910982942443e-08 5.175066999796e+01 2.143030812503e+06
2.462801505433e-08 5.175066999796e+01 2.143030812503e+06
2.083623083710e-08 5.175066999796e+01 2.143030812503e+06
1.762823818888e-08 5.175066999796e+01 2.143030812503e+06
1.491415525550e-08 5.175066999796e+01 2.143030812503e+06
1.261793859385e-08 5.175066999796e+01 2.143030812503e+06
1.067525257923e-08 5.175066999796e+01 2.143030812503e+06
9.031666843409e-09 5.175066999796e+01 2.143030812503e+06
7.641131239281e-09 5.175066999796e+01 2.143030812503e+06
6.464685603247e-09 5.175066999796e+01 2.143030812503e+06
5.469368165539e-09 5.175066999796e+01 2.143030812503e+06
4.627292024099e-09 5.175066999796e+01 2.143030812503e+06
3.914863806610e-09 5.175066999796e+01 2.143030812503e+06
3.312122629063e-09 5.175066999796e+01 2.143030812503e+06
2.802180829747e-09 5.175066999796e+01 2.143030812503e+06
2.370750809073e-09 5.175066999796e+01 2.143030812503e+06
2.005744718205e-09 5.175066999796e+01 2.143030812503e+06
1.696935780518e-09 5.175066999796e+01 2.143030812503e+06
1.435671756763e-09 5.175066999796e+01 2.143030812503e+06
1.214632525773e-09 5.175066999796e+01 2.143030812503e+06
1.027624988593e-09 5.175066999796e+01 2.143030812503e+06
8.694095496150e-10 5.175066999796e+01 2.143030812503e+06
7.355533130786e-10 5.175066999796e+01 2.143030812503e+06
6.223058817568e-10 5.175066999796e+01 2.143030812503e+06
5.264942779582e-10 5.175066999796e+01 2.143030812503e+06
4.454340427254e-10 5.175066999796e+01 2.143030812503e+06
3.768540223992e-10 5.175066999796e+01 2.143030812503e+06
3.188327352115e-10 5.175066999796e+01 2.143030812503e+06
2.697445350199e-10 5.175066999796e+01 2.143030812503e+06
2.282140637938e-10 5.175066999796e+01 2.143030812503e+06
1.930777166975e-10 5.175066999796e+01 2.143030812503e+06
1.633510400954e-10 5.175066999796e+01 2.143030812503e+06
1.382011490329e-10 5.175066999796e+01 2.143030812503e+06
1.169233913838e-10 5.175066999796e+01 2.143030812503e+06
9.892160483726e-11 5.175066999796e+01 2.143030812503e+06
8.369141356375e-11 5.175066999796e+01 2.143030812503e+06
7.080609656325e-11 5.175066999796e+01 2.143030812503e+06
5.990463175419e-11 5.175066999796e+01 2.143030812503e+06
5.068158082121e-11 5.175066999796e+01 2.143030812503e+06
4.287853141435e-11 5.175066999796e+01 2.143030812503e+06
3.627685692634e-11 5.175066999796e+01 2.143030812503e+06
3.069159099076e-11 5.175066999796e+01 2.143030812503e+06
2.596624507622e-11 5.175066999796e+01 2.143030812503e+06
2.196842397520e-11 5.175066999796e+01 2.143030812503e+06
1.858611634209e-11 5.175066999796e+01 2.143030812503e+06
1.572455634832e-11 5.175066999796e+01 2.143030812503e+06
1.330356852397e-11 5.175066999796e+01 2.143030812503e+06
1.125532139360e-11 5.175066999796e+01 2.143030812503e+06
9.522426967234e-12 5.175066999796e+01 2.143030812503e+06
8.056332838073e-12 5.175066999796e+01 2.143030812503e+06
6.815961836321e-12 5.175066999796e+01 2.143030812503e+06
5.766561125012e-12 5.175066999796e+01 2.143030812503e+06
4.878728491596e-12 5.175066999796e+01 2.143030812503e+06
4.127588553857e-12 5.175066999796e+01 2.143030812503e+06
3.492095798993e-12 5.175066999796e+01 2.143030812503e+06
2.954444928371e-12 5.175066999796e+01 2.143030812503e+06
2.499571986912e-12 5.175066999796e+01 2.143030812503e+06
2.114732299715e-12 5.175066999796e+01 2.143030812503e+06
1.789143390499e-12 5.175066999796e+01 2.143030812503e+06
1.513682877117e-12 5.175066999796e+01 2.143030812503e+06
1.280632879759e-12 5.175066999796e+01 2.143030812503e+06
1.083463780633e-12 5.175066999796e+01 2.143030812503e+06


0.000000 1.000000e+00 1.320696e+00 1.561454e+00
0.010000 1.000996e+00 1.052953e+00 1.046560e+00
0.020000 1.007872e+00 8.988771e-01 8.085882e-01
0.030000 1.026144e+00 8.543474e-01 7.673262e-01
0.040000 1.060833e+00 9.048302e-01 8.586039e-01
0.050000 1.116496e+00 1.030102e+00 1.031980e+00
0.060000 1.197241e+00 1.207755e+00 1.248645e+00
0.070000 1.306512e+00 1.415701e+00 1.479534e+00
0.080000 1.446506e+00 1.633851e+00 1.703644e+00
0.090000 1.617126e+00 1.845151e+00 1.906544e+00
0.100000 1.814524e+00 2.036098e+00 2.079072e+00
0.110000 2.029607e+00 2.196880e+00 2.216205e+00
0.120000 2.247143e+00 2.321225e+00 2.316089e+00
0.130000 2.446382e+00 2.406059e+00 2.379223e+00
0.140000 2.603824e+00 2.451050e+00 2.407773e+00
0.150000 2.697981e+00 2.458079e+00 2.405013e+00
0.160000 2.714808e+00 2.430697e+00 2.374876e+00
0.170000 2.651704e+00 2.373608e+00 2.321601e+00
0.180000 2.518282e+00 2.292186e+00 2.249464e+00
0.190000 2.333563e+00 2.192052e+00 2.162580e+00
0.200000 2.120871e+00 2.078735e+00 2.064772e+00
0.210000 1.902566e+00 1.957391e+00 1.959482e+00
0.220000 1.696364e+00 1.832606e+00 1.849728e+00
0.230000 1.513870e+00 1.708267e+00 1.738093e+00
0.240000 1.360947e+00 1.587501e+00 1.626733e+00
0.250000 1.239061e+00 1.472656e+00 1.517408e+00
0.260000 1.146817e+00 1.365347e+00 1.411520e+00
0.270000 1.081190e+00 1.266515e+00 1.310154e+00
0.280000 1.038307e+00 1.176531e+00 1.214130e+00
0.290000 1.013789e+00 1.095299e+00 1.124046e+00
0.300000 1.002814e+00 1.022375e+00 1.040318e+00
0.310000 1.000072e+00 9.570805e-01 9.632160e-01
0.320000 9.998011e-01 8.986103e-01 8.928958e-01
0.330000 9.960824e-01 8.461235e-01 8.294207e-01
0.340000 9.834513e-01 7.988224e-01 7.727787e-01
0.350000 9.577548e-01 7.560100e-01 7.228939e-01
0.360000 9.169922e-01 7.171291e-01 6.796327e-01
0.370000 8.617940e-01 6.817822e-01 6.428068e-01
0.380000 7.952798e-01 6.497336e-01 6.121736e-01
0.390000 7.222899e-01 6.208967e-01 5.874354e-01
0.400000 6.482631e-01 5.953087e-01 5.682394e-01
0.410000 5.781627e-01 5.730970e-01 5.541788e-01
0.420000 5.157735e-01 5.544402e-01 5.447960e-01
0.430000 4.634795e-01 5.395280e-01 5.395896e-01
0.440000 4.224349e-01 5.285235e-01 5.380249e-01
0.450000 3.929418e-01 5.215305e-01 5.395481e-01
0.460000 3.748639e-01 5.185692e-01 5.436046e-01
0.470000 3.679641e-01 5.195620e-01 5.496605e-01
0.480000 3.721204e-01 5.243302e-01 5.572272e-01
0.490000 3.874083e-01 5.326029e-01 5.658871e-01
0.500000 4.140514e-01 5.440364e-01 5.753202e-01
0.510000 4.522382e-01 5.582450e-01 5.853297e-01
0.520000 5.018122e-01 5.748387e-01 5.958653e-01
0.530000 5.618693e-01 5.934668e-01 6.070415e-01
0.540000 6.303577e-01 6.138641e-01 6.191515e-01
0.550000 7.038367e-01 6.358952e-01 6.326722e-01
0.560000 7.775882e-01 6.595946e-01 6.482621e-01
0.570000 8.462014e-01 6.851967e-01 6.667479e-01
0.580000 9.045780e-01 7.131548e-01 6.891016e-01
0.590000 9.490803e-01 7.441439e-01 7.164059e-01
0.600000 9.784214e-01 7.790452e-01 7.498085e-01
0.610000 9.939735e-01 8.189122e-01 7.904666e-01
0.620000 9.994265e-01 8.649154e-01 8.394816e-01
0.630000 1.000005e+00 9.182684e-01 8.978266e-01
0.640000 1.001584e+00 9.801360e-01 9.662684e-01
0.650000 1.010005e+00 1.051528e+00 1.045288e+00
0.660000 1.030699e+00 1.133185e+00 1.135002e+00
0.670000 1.068607e+00 1.225456e+00 1.235089e+00
0.680000 1.128215e+00 1.328188e+00 1.344727e+00
0.690000 1.213540e+00 1.440615e+00 1.462542e+00
0.700000 1.327870e+00 1.561279e+00 1.586580e+00
0.710000 1.473103e+00 1.687976e+00 1.714303e+00
0.720000 1.648620e+00 1.817733e+00 1.842604e+00
0.730000 1.849790e+00 1.946844e+00 1.967867e+00
0.740000 2.066518e+00 2.070947e+00 2.086053e+00
0.750000 2.282551e+00 2.185163e+00 2.192827e+00
0.760000 2.476419e+00 2.284296e+00 2.283716e+00
0.770000 2.624586e+00 2.363084e+00 2.354315e+00
0.780000 2.706446e+00 2.416507e+00 2.400507e+00
0.790000 2.709671e+00 2.440138e+00 2.418727e+00
0.800000 2.633762e+00 2.430512e+00 2.406233e+00
0.810000 2.490197e+00 2.385512e+00 2.361382e+00
0.820000 2.299110e+00 2.304722e+00 2.283903e+00
0.830000 2.084002e+00 2.189740e+00 2.175132e+00
0.840000 1.866653e+00 2.044391e+00 2.038204e+00
0.850000 1.663794e+00 1.874817e+00 1.878167e+00
0.860000 1.486002e+00 1.689399e+00 1.701981e+00
0.870000 1.338291e+00 1.498464e+00 1.518393e+00
0.880000 1.221545e+00 1.313751e+00 1.337626e+00
0.890000 1.134018e+00 1.147597e+00 1.170864e+00
0.900000 1.072503e+00 1.011844e+00 1.029490e+00
0.910000 1.033025e+00 9.164632e-01 9.240316e-01
0.920000 1.011135e+00 8.679496e-01 8.627984e-01
0.930000 1.001930e+00 8.675563e-01 8.501621e-01
0.940000 1.000015e+00 9.095173e-01 8.844693e-01
0.950000 9.995757e-01 9.794604e-01 9.555688e-01
0.960000 9.947162e-01 1.053310e+00 1.041960e+00
0.970000 9.801295e-01 1.097087e+00 1.107581e+00
0.980000 9.519710e-01 1.068153e+00 1.098285e+00
0.990000 9.086638e-01 9.186056e-01 9.380830e-01
