-1.200000 -0.500000 37637.440000
-1.200000 -0.400000 33857.440000
-1.200000 -0.300000 30277.440000
-1.200000 -0.200000 26897.440000
-1.200000 -0.100000 23717.440000
-1.200000 -0.000000 20737.440000
-1.200000 0.100000 17957.440000
-1.200000 0.200000 15377.440000
-1.200000 0.300000 12997.440000
-1.200000 0.400000 10817.440000
-1.200000 0.500000 8837.440000
-1.200000 0.600000 7057.440000
-1.200000 0.700000 5477.440000
-1.200000 0.800000 4097.440000
-1.200000 0.900000 2917.440000
-1.200000 1.000000 1937.440000
-1.200000 1.100000 1157.440000
-1.200000 1.200000 577.440000
-1.200000 1.300000 197.440000
-1.200000 1.400000 17.440000
-1.200000 1.500000 37.440000
-1.200000 1.600000 257.440000
-1.200000 1.700000 677.440000
-1.200000 1.800000 1297.440000
-1.200000 1.900000 2117.440000
-1.200000 2.000000 3137.440000

-1.100000 -0.500000 29242.210000
-1.100000 -0.400000 25922.210000
-1.100000 -0.300000 22802.210000
-1.100000 -0.200000 19882.210000
-1.100000 -0.100000 17162.210000
-1.100000 -0.000000 14642.210000
-1.100000 0.100000 12322.210000
-1.100000 0.200000 10202.210000
-1.100000 0.300000 8282.210000
-1.100000 0.400000 6562.210000
-1.100000 0.500000 5042.210000
-1.100000 0.600000 3722.210000
-1.100000 0.700000 2602.210000
-1.100000 0.800000 1682.210000
-1.100000 0.900000 962.210000
-1.100000 1.000000 442.210000
-1.100000 1.100000 122.210000
-1.100000 1.200000 2.210000
-1.100000 1.300000 82.210000
-1.100000 1.400000 362.210000
-1.100000 1.500000 842.210000
-1.100000 1.600000 1522.210000
-1.100000 1.700000 2402.210000
-1.100000 1.800000 3482.210000
-1.100000 1.900000 4762.210000
-1.100000 2.000000 6242.210000

-1.000000 -0.500000 22501.000000
-1.000000 -0.400000 19601.000000
-1.000000 -0.300000 16901.000000
-1.000000 -0.200000 14401.000000
-1.000000 -0.100000 12101.000000
-1.000000 -0.000000 10001.000000
-1.000000 0.100000 8101.000000
-1.000000 0.200000 6401.000000
-1.000000 0.300000 4901.000000
-1.000000 0.400000 3601.000000
-1.000000 0.500000 2501.000000
-1.000000 0.600000 1601.000000
-1.000000 0.700000 901.000000
-1.000000 0.800000 401.000000
-1.000000 0.900000 101.000000
-1.000000 1.000000 1.000000
-1.000000 1.100000 101.000000
-1.000000 1.200000 401.000000
-1.000000 1.300000 901.000000
-1.000000 1.400000 1601.000000
-1.000000 1.500000 2501.000000
-1.000000 1.600000 3601.000000
-1.000000 1.700000 4901.000000
-1.000000 1.800000 6401.000000
-1.000000 1.900000 8101.000000
-1.000000 2.000000 10001.000000

-0.900000 -0.500000 17161.810000
-0.900000 -0.400000 14641.810000
-0.900000 -0.300000 12321.810000
-0.900000 -0.200000 10201.810000
-0.900000 -0.100000 8281.810000
-0.900000 -0.000000 6561.810000
-0.900000 0.100000 5041.810000
-0.900000 0.200000 3721.810000
-0.900000 0.300000 2601.810000
-0.900000 0.400000 1681.810000
-0.900000 0.500000 961.810000
-0.900000 0.600000 441.810000
-0.900000 0.700000 121.810000
-0.900000 0.800000 1.810000
-0.900000 0.900000 81.810000
-0.900000 1.000000 361.810000
-0.900000 1.100000 841.810000
-0.900000 1.200000 1521.810000
-0.900000 1.300000 2401.810000
-0.900000 1.400000 3481.810000
-0.900000 1.500000 4761.810000
-0.900000 1.600000 6241.810000
-0.900000 1.700000 7921.810000
-0.900000 1.800000 9801.810000
-0.900000 1.900000 11881.810000
-0.900000 2.000000 14161.810000

-0.800000 -0.500000 12996.640000
-0.800000 -0.400000 10816.640000
-0.800000 -0.300000 8836.640000
-0.800000 -0.200000 7056.640000
-0.800000 -0.100000 5476.640000
-0.800000 -0.000000 4096.640000
-0.800000 0.100000 2916.640000
-0.800000 0.200000 1936.640000
-0.800000 0.300000 1156.640000
-0.800000 0.400000 576.640000
-0.800000 0.500000 196.640000
-0.800000 0.600000 16.640000
-0.800000 0.700000 36.640000
-0.800000 0.800000 256.640000
-0.800000 0.900000 676.640000
-0.800000 1.000000 1296.640000
-0.800000 1.100000 2116.640000
-0.800000 1.200000 3136.640000
-0.800000 1.300000 4356.640000
-0.800000 1.400000 5776.640000
-0.800000 1.500000 7396.640000
-0.800000 1.600000 9216.640000
-0.800000 1.700000 11236.640000
-0.800000 1.800000 13456.640000
-0.800000 1.900000 15876.640000
-0.800000 2.000000 18496.640000

-0.700000 -0.500000 9801.490000
-0.700000 -0.400000 7921.490000
-0.700000 -0.300000 6241.490000
-0.700000 -0.200000 4761.490000
-0.700000 -0.100000 3481.490000
-0.700000 -0.000000 2401.490000
-0.700000 0.100000 1521.490000
-0.700000 0.200000 841.490000
-0.700000 0.300000 361.490000
-0.700000 0.400000 81.490000
-0.700000 0.500000 1.490000
-0.700000 0.600000 121.490000
-0.700000 0.700000 441.490000
-0.700000 0.800000 961.490000
-0.700000 0.900000 1681.490000
-0.700000 1.000000 2601.490000
-0.700000 1.100000 3721.490000
-0.700000 1.200000 5041.490000
-0.700000 1.300000 6561.490000
-0.700000 1.400000 8281.490000
-0.700000 1.500000 10201.490000
-0.700000 1.600000 12321.490000
-0.700000 1.700000 14641.490000
-0.700000 1.800000 17161.490000
-0.700000 1.900000 19881.490000
-0.700000 2.000000 22801.490000

-0.600000 -0.500000 7396.360000
-0.600000 -0.400000 5776.360000
-0.600000 -0.300000 4356.360000
-0.600000 -0.200000 3136.360000
-0.600000 -0.100000 2116.360000
-0.600000 -0.000000 1296.360000
-0.600000 0.100000 676.360000
-0.600000 0.200000 256.360000
-0.600000 0.300000 36.360000
-0.600000 0.400000 16.360000
-0.600000 0.500000 196.360000
-0.600000 0.600000 576.360000
-0.600000 0.700000 1156.360000
-0.600000 0.800000 1936.360000
-0.600000 0.900000 2916.360000
-0.600000 1.000000 4096.360000
-0.600000 1.100000 5476.360000
-0.600000 1.200000 7056.360000
-0.600000 1.300000 8836.360000
-0.600000 1.400000 10816.360000
-0.600000 1.500000 12996.360000
-0.600000 1.600000 15376.360000
-0.600000 1.700000 17956.360000
-0.600000 1.800000 20736.360000
-0.600000 1.900000 23716.360000
-0.600000 2.000000 26896.360000

-0.500000 -0.500000 5625.250000
-0.500000 -0.400000 4225.250000
-0.500000 -0.300000 3025.250000
-0.500000 -0.200000 2025.250000
-0.500000 -0.100000 1225.250000
-0.500000 -0.000000 625.250000
-0.500000 0.100000 225.250000
-0.500000 0.200000 25.250000
-0.500000 0.300000 25.250000
-0.500000 0.400000 225.250000
-0.500000 0.500000 625.250000
-0.500000 0.600000 1225.250000
-0.500000 0.700000 2025.250000
-0.500000 0.800000 3025.250000
-0.500000 0.900000 4225.250000
-0.500000 1.000000 5625.250000
-0.500000 1.100000 7225.250000
-0.500000 1.200000 9025.250000
-0.500000 1.300000 11025.250000
-0.500000 1.400000 13225.250000
-0.500000 1.500000 15625.250000
-0.500000 1.600000 18225.250000
-0.500000 1.700000 21025.250000
-0.500000 1.800000 24025.250000
-0.500000 1.900000 27225.250000
-0.500000 2.000000 30625.250000

-0.400000 -0.500000 4356.160000
-0.400000 -0.400000 3136.160000
-0.400000 -0.300000 2116.160000
-0.400000 -0.200000 1296.160000
-0.400000 -0.100000 676.160000
-0.400000 -0.000000 256.160000
-0.400000 0.100000 36.160000
-0.400000 0.200000 16.160000
-0.400000 0.300000 196.160000
-0.400000 0.400000 576.160000
-0.400000 0.500000 1156.160000
-0.400000 0.600000 1936.160000
-0.400000 0.700000 2916.160000
-0.400000 0.800000 4096.160000
-0.400000 0.900000 5476.160000
-0.400000 1.000000 7056.160000
-0.400000 1.100000 8836.160000
-0.400000 1.200000 10816.160000
-0.400000 1.300000 12996.160000
-0.400000 1.400000 15376.160000
-0.400000 1.500000 17956.160000
-0.400000 1.600000 20736.160000
-0.400000 1.700000 23716.160000
-0.400000 1.800000 26896.160000
-0.400000 1.900000 30276.160000
-0.400000 2.000000 33856.160000

-0.300000 -0.500000 3481.090000
-0.300000 -0.400000 2401.090000
-0.300000 -0.300000 1521.090000
-0.300000 -0.200000 841.090000
-0.300000 -0.100000 361.090000
-0.300000 -0.000000 81.090000
-0.300000 0.100000 1.090000
-0.300000 0.200000 121.090000
-0.300000 0.300000 441.090000
-0.300000 0.400000 961.090000
-0.300000 0.500000 1681.090000
-0.300000 0.600000 2601.090000
-0.300000 0.700000 3721.090000
-0.300000 0.800000 5041.090000
-0.300000 0.900000 6561.090000
-0.300000 1.000000 8281.090000
-0.300000 1.100000 10201.090000
-0.300000 1.200000 12321.090000
-0.300000 1.300000 14641.090000
-0.300000 1.400000 17161.090000
-0.300000 1.500000 19881.090000
-0.300000 1.600000 22801.090000
-0.300000 1.700000 25921.090000
-0.300000 1.800000 29241.090000
-0.300000 1.900000 32761.090000
-0.300000 2.000000 36481.090000

-0.200000 -0.500000 2916.040000
-0.200000 -0.400000 1936.040000
-0.200000 -0.300000 1156.040000
-0.200000 -0.200000 576.040000
-0.200000 -0.100000 196.040000
-0.200000 -0.000000 16.040000
-0.200000 0.100000 36.040000
-0.200000 0.200000 256.040000
-0.200000 0.300000 676.040000
-0.200000 0.400000 1296.040000
-0.200000 0.500000 2116.040000
-0.200000 0.600000 3136.040000
-0.200000 0.700000 4356.040000
-0.200000 0.800000 5776.040000
-0.200000 0.900000 7396.040000
-0.200000 1.000000 9216.040000
-0.200000 1.100000 11236.040000
-0.200000 1.200000 13456.040000
-0.200000 1.300000 15876.040000
-0.200000 1.400000 18496.040000
-0.200000 1.500000 21316.040000
-0.200000 1.600000 24336.040000
-0.200000 1.700000 27556.040000
-0.200000 1.800000 30976.040000
-0.200000 1.900000 34596.040000
-0.200000 2.000000 38416.040000

-0.100000 -0.500000 2601.010000
-0.100000 -0.400000 1681.010000
-0.100000 -0.300000 961.010000
-0.100000 -0.200000 441.010000
-0.100000 -0.100000 121.010000
-0.100000 -0.000000 1.010000
-0.100000 0.100000 81.010000
-0.100000 0.200000 361.010000
-0.100000 0.300000 841.010000
-0.100000 0.400000 1521.010000
-0.100000 0.500000 2401.010000
-0.100000 0.600000 3481.010000
-0.100000 0.700000 4761.010000
-0.100000 0.800000 6241.010000
-0.100000 0.900000 7921.010000
-0.100000 1.000000 9801.010000
-0.100000 1.100000 11881.010000
-0.100000 1.200000 14161.010000
-0.100000 1.300000 16641.010000
-0.100000 1.400000 19321.010000
-0.100000 1.500000 22201.010000
-0.100000 1.600000 25281.010000
-0.100000 1.700000 28561.010000
-0.100000 1.800000 32041.010000
-0.100000 1.900000 35721.010000
-0.100000 2.000000 39601.010000

-0.000000 -0.500000 2500.000000
-0.000000 -0.400000 1600.000000
-0.000000 -0.300000 900.000000
-0.000000 -0.200000 400.000000
-0.000000 -0.100000 100.000000
-0.000000 -0.000000 0.000000
-0.000000 0.100000 100.000000
-0.000000 0.200000 400.000000
-0.000000 0.300000 900.000000
-0.000000 0.400000 1600.000000
-0.000000 0.500000 2500.000000
-0.000000 0.600000 3600.000000
-0.000000 0.700000 4900.000000
-0.000000 0.800000 6400.000000
-0.000000 0.900000 8100.000000
-0.000000 1.000000 10000.000000
-0.000000 1.100000 12100.000000
-0.000000 1.200000 14400.000000
-0.000000 1.300000 16900.000000
-0.000000 1.400000 19600.000000
-0.000000 1.500000 22500.000000
-0.000000 1.600000 25600.000000
-0.000000 1.700000 28900.000000
-0.000000 1.800000 32400.000000
-0.000000 1.900000 36100.000000
-0.000000 2.000000 40000.000000

0.100000 -0.500000 2601.010000
0.100000 -0.400000 1681.010000
0.100000 -0.300000 961.010000
0.100000 -0.200000 441.010000
0.100000 -0.100000 121.010000
0.100000 -0.000000 1.010000
0.100000 0.100000 81.010000
0.100000 0.200000 361.010000
0.100000 0.300000 841.010000
0.100000 0.400000 1521.010000
0.100000 0.500000 2401.010000
0.100000 0.600000 3481.010000
0.100000 0.700000 4761.010000
0.100000 0.800000 6241.010000
0.100000 0.900000 7921.010000
0.100000 1.000000 9801.010000
0.100000 1.100000 11881.010000
0.100000 1.200000 14161.010000
0.100000 1.300000 16641.010000
0.100000 1.400000 19321.010000
0.100000 1.500000 22201.010000
0.100000 1.600000 25281.010000
0.100000 1.700000 28561.010000
0.100000 1.800000 32041.010000
0.100000 1.900000 35721.010000
0.100000 2.000000 39601.010000



-1.000000 1.000000
-0.987648 0.975321
-0.951487 0.904043
-0.909073 0.824638
-0.865155 0.746586
-0.819957 0.670306
-0.774381 0.597607
-0.728792 0.529076
-0.683544 0.465201
-0.638916 0.406237
-0.595150 0.352302
-0.552453 0.303393
-0.510996 0.259409
-0.470919 0.220168
-0.432321 0.185420
-0.395270 0.154872
-0.359801 0.128204
-0.325924 0.105084
-0.293636 0.085183
-0.262921 0.068187
-0.233762 0.053797
-0.206147 0.041736
-0.180066 0.031745
-0.155523 0.023586
-0.132528 0.017036
-0.111105 0.011886
-0.091290 0.007942
-0.073134 0.005019
-0.056704 0.002945
-0.042085 0.001557
-0.029388 0.000702
-0.018755 0.000239
-0.010366 0.000037
-0.004433 -0.000016
-0.001115 -0.000010
-0.000112 -0.000001
-0.000004 -0.000000
-0.000000 -0.000000
-0.000000 -0.000000


-1.000000 1.000000
-0.987611 0.975399
-0.951171 0.904728
-0.848424 0.719386
-0.599076 0.353953
-0.420609 0.175253
-0.300386 0.089806
-0.213092 0.045283
-0.149277 0.022248
-0.093508 0.008728
-0.036211 0.001305
-0.006274 0.000039
-0.000409 0.000000
-0.000009 0.000000
-0.000000 0.000000
-0.000000 0.000000


